0 42486
1 68839
2 80189
3 82205
4 83845
5 88502
6 92045
7 112326
8 116645
9 125749
10 142222
11 182005
12 199805
13 202742
14 270805
15 275286
16 282613
17 287246
18 295222
19 342205
20 372742
21 392502
22 440453
23 450079
24 473263
25 477581
26 487302
27 488047
28 496774
29 503206
30 517789
31 563686
32 564094
33 606599
34 632886
35 634382
36 646366
37 660822
38 667318
39 668166
40 679582
41 689005
42 749989
43 758693
44 767814
45 771374
46 774598
47 820046
48 820374
49 831878
50 875526
51 900271
52 964374
53 982085
54 990647
